7271011833334695575,5204834583990096768
6797871240844365415,3666566231384799034
1603845676908946290,3828500329001323728
649022379454191587,2678152572283123026
8307476929061368928,2515240827769248278
415198592755583881,
2771994004360431711,
855847949486139480,
4368396216489575511,4188892392540496267
5241222524765324079,8908343572553850211
2689133334725908824,1279123748427553490
2065653206472406604,6508571311685297540
7473157485898372762,7588687237002221931
8857339501000089937,
1819531928126963687,
7798654909692515255,
url,https://www.fantafilm.us/2023/04/kheatakor-kampoul-sne.html
status,Continue
