7271011833334695575,1784279452894111333
6797871240844365415,6109286879525674637
1603845676908946290,6366512685165001588
649022379454191587,5691612525680568752
8307476929061368928,1125020850422946936
415198592755583881,
2771994004360431711,
855847949486139480,
4368396216489575511,
5241222524765324079,8217981205203828596
2689133334725908824,5997534357419055728
2065653206472406604,2862184702603376535
7473157485898372762,3024235242058992932
8857339501000089937,3511396825189079588
1819531928126963687,
7798654909692515255,
url,https://www.fantafilm.us/2022/10/reachboth-bongkat-sne-season-iv-04-end.html
status,End
